inits pps1:
-
inits pps2:
[-0.1 1; -1 -1; -0.1 0;...
 0.25 -1; 0.5 0.5; 0.2 0; 0 -0.35;...
 0 0.35; 0.1 1.25; 0.1 1; 0.1 0.75; -0.1 1.25];
 inits pps3:
 [-0.1 0];
 inits pps4:
 [0 0.15; 0 -0.15; 2 0; -2 0; 0 2; 0 -2; -2 2; 2 -2; 1.5 2.5; -1.5 -2.5];
 pps5:
 [2.5 0; -2.5 0; 0.5 -2; -2 1; -2.5 -1; -1 -2.5; 0 -2.5; -2 -2; -0.1 -0.1;
  0.1 0.1; 2 2; 0.5 2; 0 2.5; 1 2.5; 2.5 1; 2 -1; -1.5 1.5; 1.5 -1.5];
pps6:
[-1.5 2.5; -2.5 1; -2.5 -1; 0 -2.5; -2.5 0; 2.5 -1; 2.5 0;
     2.5 1; 0 2.5; -0.5 2.5; -0.5 2; 2.5 0.5];